# 从spline_data.npz提取的所有数据
# 控制点数量: 4
# knots最大长度: 8

ctrl_pts = np.array([
    [ -1.5478,  -0.5522],
    [  2.0982,  -1.1356],
    [ -7.6525,   5.6414],
    [ 29.5798, -20.6400]
])

knot_u = np.array([
      0.0000,       0.0000,       0.0000,       0.0000,       0.3330,
      0.5479,       0.7481,       0.9198
])

points = np.array([
    [ -0.4859,   0.4033],
    [ -0.4809,   0.3987],
    [ -0.4762,   0.3954],
    [ -0.4638,   0.3891],
    [ -0.4590,   0.3872],
    [ -0.4441,   0.3823],
    [ -0.4276,   0.3782],
    [ -0.4153,   0.3757],
    [ -0.4009,   0.3731],
    [ -0.3760,   0.3692],
    [ -0.3559,   0.3664],
    [ -0.3175,   0.3612],
    [ -0.3042,   0.3593],
    [ -0.2697,   0.3542],
    [ -0.2402,   0.3491],
    [ -0.2154,   0.3441],
    [ -0.1818,   0.3360],
    [ -0.1477,   0.3253],
    [ -0.0837,   0.2946],
    [ -0.0691,   0.2841],
    [ -0.0482,   0.2649],
    [ -0.0084,   0.1195],
    [ -0.0451,  -0.0040],
    [ -0.0700,  -0.0558],
    [ -0.1456,  -0.1815],
    [ -0.1812,  -0.2327],
    [ -0.2438,  -0.3162],
    [ -0.2917,  -0.3761],
    [ -0.3353,  -0.4283],
    [ -0.3965,  -0.4990]
])

