文件中包含的数组名称：['knots', 'params', 'ctrl_pts', 'points']

===== 数组名称：knots =====
形状（shape）：(13,)
维度（ndim）：1
[0.         0.         0.         0.         0.28624302 0.5003469
 0.7001853  0.8715599  0.97925603 1.         1.         1.
 1.        ]

===== 数组名称：params =====
形状（shape）：(50,)
维度（ndim）：1
[0.9852058  0.98419267 0.98327947 0.98074627 0.97994596 0.97679406
 0.97330827 0.9706342  0.96745694 0.9616004  0.9573482  0.9482366
 0.9467925  0.94521785 0.94428176 0.94360703 0.94268185 0.94169426
 0.93928933 0.9386671  0.9375845  0.92846686 0.9075739  0.9000587
 0.8760288  0.86466956 0.85204256 0.8469473  0.843058   0.8391995
 0.8346569  0.8347676  0.         0.         0.         0.
 0.         0.         0.         0.         0.         0.
 0.         0.         0.         0.         0.         0.
 0.         0.        ]

===== 数组名称：ctrl_pts =====
形状（shape）：(6, 2)
维度（ndim）：2
[[ 2.25828552e+02  2.57535381e+01]
 [-4.41832590e+00 -4.52120572e-01]
 [ 4.32420224e-01 -4.25631046e-01]
 [-4.79117244e-01 -1.18440554e-01]
 [ 3.84804994e-01  5.18591225e-01]
 [ 1.29213915e+01 -1.62736702e+00]]

===== 数组名称：points =====
形状（shape）：(50, 2)
维度（ndim）：2
[[ 0.4997175   0.35860562]
 [ 0.41035175  0.35721755]
 [ 0.34719574  0.35403618]
 [ 0.21489477  0.33914566]
 [ 0.17840531  0.33233973]
 [ 0.07873046  0.30412453]
 [ 0.00222081  0.26556218]
 [-0.03714178  0.23308831]
 [-0.06876045  0.19153169]
 [-0.0963591   0.11500071]
 [-0.10516005  0.06246018]
 [-0.13629748 -0.01207059]
 [-0.14412579 -0.01862542]
 [-0.15362062 -0.02421671]
 [-0.15889141 -0.02721107]
 [-0.16252436 -0.02968152]
 [-0.16696848 -0.0335804 ]
 [-0.17108533 -0.03846528]
 [-0.17882182 -0.05243852]
 [-0.18040013 -0.0562498 ]
 [-0.18294622 -0.06319809]
 [-0.19702649 -0.12255123]
 [-0.22836329 -0.22895928]
 [-0.24500033 -0.25559816]
 [-0.30946887 -0.3120474 ]
 [-0.3442137  -0.32857865]
 [-0.41656128 -0.34849715]
 [-0.44719523 -0.35329705]
 [-0.44830358 -0.3527398 ]
 [-0.43229023 -0.34943268]
 [-0.40439183 -0.34456572]
 [-0.385699   -0.34149483]
 [ 0.          0.        ]
 [ 0.          0.        ]
 [ 0.          0.        ]
 [ 0.          0.        ]
 [ 0.          0.        ]
 [ 0.          0.        ]
 [ 0.          0.        ]
 [ 0.          0.        ]
 [ 0.          0.        ]
 [ 0.          0.        ]
 [ 0.          0.        ]
 [ 0.          0.        ]
 [ 0.          0.        ]
 [ 0.          0.        ]
 [ 0.          0.        ]
 [ 0.          0.        ]
 [ 0.          0.        ]
 [ 0.          0.        ]]
